0.10911011169206687
0.06513501963644461
0.06428874678855337
0.06393684266692887
0.06364628162447951
0.06335306228659468
0.06304404868983865
0.0627162952921298
0.06236902856505107
0.06200179883433853
0.06161407750779181
0.06120521961389376
0.060774512748525404
0.060321239062860084
0.059844733333859354
0.059344435132672894
0.05881993611518973
0.05827102316496002
0.05769771713288576
0.057100306021534944
0.056479370885385884
0.05583580252864386
0.0551708072856112
0.05448590072638527
0.053782888957399466
0.053063838153788824
0.05233103391581298
0.05158693283564241
0.05083410917922157
0.05007519977284075
0.04931285004114805
0.04854966373238841
0.047788158280682044
0.047030727095939306
0.046279609429359374
0.045536867901581894
0.0448043733381902
0.04408379624464144
0.043376604062278154
0.0426840632600871
0.04200724530985668
0.04134703564191538
0.040704144764021497
0.040079120830566584
0.039472363060549194
0.0388841355120765
0.038314580822872334
0.03776373361722007
0.03723153335854445
0.03671783649320771
0.03622242778564846
0.035745030788766084
0.03528531742771743
0.034842916701403
0.034417422525189256
0.0340084007520722
0.03361539541863053
0.033237934267695335
0.032875533602494185
0.03252770252777906
0.032193946632671645
0.031873771168104345
0.031566683769141686
0.0312721967694123
0.030989829151571103
0.030719108174299167
0.030459570712947578
0.030210764347620104
0.029972248229325368
0.02974359375184025
0.0295243850541406
0.029314219375672503
0.029112707284367524
0.028919472795135525
0.028734153394598158
0.028556399986037106
0.02838587676691918
0.02822226104990501
0.028065243036943917
0.027914525554886452
0.02776982375999926
0.027630864817833285
0.0274973875640615
0.027369142151162255
0.027245889685164927
0.027127401856090326
0.02701346056520051
0.026903857551715284
0.026798394021248076
0.02669688027785921
0.026599135361309555
0.02650498669082503
0.02641426971644027
0.02632682757878069
0.02624251077795858
0.026161176852100253
0.026082690065883873
0.026006921109348782
0.02593374680713457
0.025863049838223018
